%YAML:1.0
---
K: !!opencv-matrix
   rows: 3
   cols: 3
   dt: d
   data: [ 1.3563603275913374e+03, 0., 9.4425308321991611e+02, 0.,
       1.3551996941643768e+03, 5.8528825757689322e+02, 0., 0., 1. ]
D: !!opencv-matrix
   rows: 1
   cols: 5
   dt: d
   data: [ -4.8394476183703722e-01, 2.8488170698987841e-01,
       2.3677047663109791e-03, 6.8368321559171758e-04,
       -9.6006975344075693e-02 ]
