%YAML:1.0
---
K: !!opencv-matrix
   rows: 3
   cols: 3
   dt: d
   data: [ 7.7181922217793374e+02, 0., 5.9853118406880310e+02, 0.,
       7.7186457191215379e+02, 3.6467270437954750e+02, 0., 0., 1. ]
D: !!opencv-matrix
   rows: 1
   cols: 5
   dt: d
   data: [ 8.7423511698312167e-02, -1.9949844778481748e-01,
       3.2271232764019439e-04, -7.1466856959233175e-04,
       6.8526155373961242e-02 ]
