%YAML:1.0
---
K: !!opencv-matrix
   rows: 3
   cols: 3
   dt: d
   data: [ 1.4261144733758003e+03, 0., 6.1155560923474832e+02, 0.,
       1.4248130399876991e+03, 4.5976943710457363e+02, 0., 0., 1. ]
D: !!opencv-matrix
   rows: 1
   cols: 5
   dt: d
   data: [ 3.6246754242525256e-02, 5.5572667663418396e-01,
       -2.3267025647896429e-03, -4.9903638776111455e-03,
       -1.3719936084628308e+00 ]
